-0.94079510320666
-0.491657853504955
2.99791011595174
0.211484068489621
-0.172269478803732
4.13019958488399
5.50718144242877
1.2460042248915
0.316812310871335
3.04409164025974
1.4893889805888
3.15921280924702
-0.523435393359596
0.438586842166259
-3.60121241197388
-0.172330510414186
0.930934590117562
-1.39691062737667
2.57492708760204
-0.146768488623535
-4.06557566698631
-4.83557103147942
3.34190290541453
-0.709924143638146
0.193641938832698
-2.62949575680447
0.326043663381186
1.06131572277747
-2.22176799525695
-1.48865888539098
-0.198490417331282
