-0.0876731548150978
0.15272033107414
-0.11822559939136
0.149381647885789
-0.062011829592453
0.27387627314667
-0.718360106683659
0.140761642639415
0.333307336915297
0.601379692152679
0.345489525261907
0.0258193023393596
-0.208348698374865
-0.097501367917181
-0.147023727850507
-0.23080038485008
-0.218152464123157
-0.389742734351571
0.638442019088429
0.269643718580826
0.690316786334653
0.421671071778356
-0.142686989830611
-0.0965944048805517
0.383180351982585
0.281484516711433
0.540971858042524
0.205995704204513
0.770974139824747
-0.668643575482373
-0.911429487138297
0.309362630620064
