-0.60353298052634
-0.0387965317046977
0.0819525787680542
0.504598279154313
-0.623397291233207
0.270847880085131
0.0634873625707973
0.220839480838249
0.0265187015314975
-0.0374520962411254
-0.0385750871450583
-0.178331113362346
-0.2830269815788
-0.0611872328315175
-0.125939689787195
-0.00219759427156684
0.226395868295809
-0.126544235035008
0.0996870835401709
0.0953815881719583
-0.492595758414711
0.2581820921771
-0.126242931515418
0.720443645659151
1.04823158137409
-0.0251554904038778
-0.297808577743005
