-0.0167953536031281
-0.263643485315213
-0.294057870478507
0.0124976221133758
-0.0367165131213934
-0.0345432840113702
-0.239806926721534
-0.238805756989312
0.133372924890713
-0.113309589723486
-0.652738904101601
0.164015954700531
0.559766190839718
-0.207237707369783
-0.299942864046817
-0.0467204811896986
-0.885256937985485
-0.889413856819955
-7.02882740481745e-13
0.243315770097376
-0.476342068607693
0.393460398329518
-0.0106967086376684
0.553859025783511
0.0106142384007367
-0.053910672922972
0.0687854309767167
-0.0824303484434553
-0.109659392798019
0.0108248923723839
-0.0565391798241191
0.350891405600599
0.00859290350500063
-0.0350758136344539
-5.68722200761332e-11
0.0613364133926686
-0.0891601831814014
-1.774687872527e-11
-6.83265549250024e-09
-0.291501103908743
-0.878383196572408
-0.473267891096478
