0.359762791493216
0.299823774992602
-0.0967427065110976
0.177826846993852
-0.5011466652228
0.174719770468132
-0.212309198443902
0.757149987798967
0.443890114598558
-0.164023495793101
-0.227706833900642
-0.0831242993954912
-0.186949165286713
-0.553640710749348
-0.0489225691335037
0.0222588022587655
0.186492644219754
-0.073833611543464
0.144219910149958
0.0545674921781806
-0.659679392243647
-3.28378421767638e-05
0.799116528825983
-0.0675664979907774
0.839743616678423
-1.0022366703442
-0.989362866699855
