-0.382413200766822
-0.0447596365141278
0.133443938931777
0.112049669773679
0.462828807887312
0.593105694155599
-0.0207401232765716
-0.00970183549077445
0.0385807250709125
0.249039167545502
-0.330301396784275
0.0172499467776127
-0.169350283564642
-0.0225340586511395
0.0213121467759632
0.0316128836194267
0.00397659599018619
-0.129166524835693
0.284121892766092
-0.0197911019144879
0.0010108925977987
-0.0444442041709229
0.00477684084636676
0.0214899836997323
-0.00889502117899507
0.182529509029322
0.0108653090993647
0.103646336103114
0.00157539313000337
0.00174118008488477
0.178436355459963
