3.38468401828538
-4.73672116613107
1.9800416736017
1.59594154231128
6.69930025747628
29.7390172975016
8.88768199197346
-54.5933765383155
9.63777953523802
59.4026778828674
-3.94145521008874
5.54405117417595
4.78974953252625
-79.5072871984615
0.720905718856381
-0.529100544123281
-3.08670172927463
-1.09073070673711
7.11976031221827
-7.70980645391905
0.0354465376927338
-0.13360486858191
0.000565042911474629
0.000299715861860274
0.000113571552395609
0.00431607410274572
-8.9427237113137e-05
1.20151664263005
-0.0139756554343705
-0.0870942769971864
