-0.132928641650302
0.134227645092525
2.04356293843891
-4.37244256898687
2.20133751709216
1.58979159693339
-1.57971451000497
-1.53693698537136
-3.48548140215856
4.13700124891426
-1.98187093908325
-0.000416148085592568
-0.149620368334192
-1.95314634797009
1.48901843838173
1.47695951808987
-1.74246988919898
1.66600747749562
0.994491284187081
-0.355584398866535
-4.48477370272843
-0.0461024013306168
0.0876100491184794
-2.56909122358049
-0.0435288409281878
-0.105764095678794
-0.0595160821557454
-2.9780742182919
11.4712072525632
0.393900571481442
