0.737728876594079
1.57060817659524
-5.15277895058494
0.333879700606875
1.21510006035501
0.612474827781381
-0.238393754767638
0.198403126367629
-0.68482921645411
0.39128624487481
0.0350766810343808
0.225326204037655
3.36202023936289
-5.53619925959262
0.625807389047092
1.00496534093518
-0.333935432298338
0.627734919925236
-0.0772720544256353
-1.01520505899675
0.668709314602257
-0.3635410870784
-0.0478892107335329
-0.396402759847733
0.709896909602883
0.83107984553412
-5.27644088152436
0.261013313691526
-8.77805712675441
9.36395206749886
0.218756382734028
1.30470353446083
0.38236801437015
-0.407839673861619
-3.46979929538779
0.0070804405121436
0.842826511106614
-2.13776293630303
-0.383180819694675
-0.0152407109023667
