1.45108149469832
-0.566291992026456
-0.0426550805195442
-2.44319978539465
-0.840379389589425
-1.97840719435056
1.97576759624307
0.0331971343018615
0.0108496211874824
-0.00412698974627349
0.302200375896018
0.517145662383823
0.010158319864378
0.00282229168016962
-0.00158434130984641
0.401174484631084
-0.395183240306692
0.00482716445133766
-0.000517151540074796
0.00017327927518782
-0.00305523936407936
0.163928040386713
0.362232533897441
0.0135083660011835
-0.00291575403473412
-0.0196855890687944
-0.0968778901194586
-0.0281283229224077
-0.00174973195408835
0.000548064580288533
1.41344075029748e-06
-0.0633940614413003
-0.0496916073892207
-1.62746031241089
-0.144226788382776
-2.15971527721105
