-0.743715346064021
0.501316075763143
-0.0236018898002095
-0.0446283162711472
0.0156823625797237
0.168753775166354
-0.805552194513533
0.112598825474593
-1.6318010825711
0.568290485651717
0.756319841737968
0.87965255633244
0.727169066066899
2.53441426776917
1.16732220759199
-0.334846500670612
0.075377247993826
-1.41238722936914
1.71301730125802
-0.537992874941056
0.739502330607391
0.414783341688203
-0.00334582701879737
0.657087128428355
0.163321161772886
-1.26467067550539
-0.892502038469545
0.478689115298853
0.443200107891952
-0.573818313279863
-0.0012584673389624
-0.408518682558917
-1.55876243636525
-0.613217650164491
0.00506254546688517
-0.300849787878526
-0.759407822779231
0.0039544163454427
-0.663044371581457
0.999605713092569
