0.505523761913711
-0.469849187237364
0.00967934238810278
-0.00403544524392882
0.00149265110872681
1.48891955597569
-1.48067318750487
-0.0133715230051915
-0.0119305804120652
0.00415993850112203
0.0643872529228054
-0.134004964808466
-1.9396081618141
1.09593175383865
-0.847998592532749
-0.899997446532882
1.07591928893283
-2.10996101956293
-2.20482460942986
-0.245855910345306
0.0835171678007802
-0.214270163815712
-0.696995835176469
-1.2489365330723
0.429742989807505
0.241931927428472
0.434694829014276
-0.844118174423715
-1.69112732589358
-1.47028843052865
0.0223933992390009
-0.920897042305958
-0.00390798676232824
0.134957299654601
-0.0479633741881486
-0.0560924681995845
0.126086372424576
0.00498906106850063
0.000252078724198814
0.000197096637287709
1.51102267707421
-0.117667363611748
-0.0019798420486307
2.10934364293661e-05
0.0152434584933302
-5.39958615680706e-05
0.020346589880509
-3.26383460871058
