-0.416237069186803
0.792106246467335
-2.15283586338065
3.04599856589681
-0.244979056861216
0.694978681914856
0.900705632176087
2.16402398155186
2.27148427314755
0.763884447299591
0.675959262474289
0.819677621241858
2.03033158769775
-2.28297374901722
-1.0135992892045
-0.809707247930777
-1.21842646130424
1.50987374200175
1.16271345145332
1.124559612196
1.01146256497791
1.14116778625466
-1.57444186050311
-0.683255783693596
-1.06275908567094
-0.311684812748817
-1.05939302938488
2.55663311233345
1.06535801401156
1.0402552557104
-0.762276924679423
0.823590523792476
1.49020638016092
0.982930362035259
-1.45224405990068
1.07775109665986
1.11488009127754
-1.79762142143466
1.12226231998626
-0.870316497974235
-3.18345406126011e-11
-1.59641631798955e-10
-6.53213987317542e-11
1.08381997060123e-09
-1.29792387585375e-09
5.25884220860576e-10
-6.52783264730439e-11
-7.32239252358646e-11
