-0.0784416736841993
-0.49308068546435
-0.695636305480962
-0.199269076811161
0.476141233456295
-0.044185225710712
-0.265404529540024
-0.903815555357826
0.251485159149446
-0.00294168785708949
0.597917601002365
-0.636732273285288
-0.09425850132301
-0.459284704579942
0.983987972740222
-1.15543855576141
-0.0201779061306351
-0.0838427277892482
-0.475289187152864
-0.251204885628878
-0.0821251513491374
-0.0451142491947082
-0.0242060912973292
0.265705636589739
0.209943863705179
-0.140129035453734
-1.76626562849877e-06
0.305355054497561
1.21328953329596
0.0621592403706373
0.00408934556406148
-0.651191464131002
0.373345399194226
0.757316212565857
0.79749155717803
0.097765780148797
-0.129322684549274
-0.0774213514288
-0.340106008419807
0.562608468592518
0.428249103010262
-0.843472041725938
