1.02592902870122
0.355992007172318
0.760041290027226
-0.270354645106072
0.240244917734247
0.770084967861226
-0.430334172046999
0.429356764398275
-0.386538001219918
0.0370741887364374
0.815606590731967
-0.345234803852673
0.276580119395974
0.174608327971527
-0.26533870228624
0.346714352439581
-0.408296408391019
0.294509814732692
-0.0161445730326706
0.181092102534126
-0.335887727243583
-0.212350436816487
0.0783542924065543
-0.691199906188057
-0.331689247029658
-0.198686690161112
-3.4377467510379e-26
0.213954352181526
0.0643847132875477
0.728999096804746
-1.5558367092774
-5.08509532723488e-26
0.193296317644869
-1.76494142135954e-23
-0.363429608132458
-0.129794922188427
-1.28678124299816e-26
0.164075017271962
0.327166754172566
-0.140550480941354
0.206655699025056
-0.891211142203947
