-0.620688078906114
0.019806892711556
-0.893305400245117
0.0551136777114234
-0.227258810468056
-0.403057746360374
-0.22090270778853
-0.37344284765183
-0.211642889213549
-0.12656634448865
0.155300661955126
0
-0.128362942520991
0.214575764519613
0.496489027351787
0.424263333940597
-0.223080012272059
0.585111634856878
-0.0276306193815724
-0.0866708076030751
-0.127366412861524
-0.235222635478081
-0.269512708329379
0.251622326842945
0.328963951938881
-0.143067113759527
0.521813433265649
-0.417200462715827
0.169286278393009
0.372638629553623
1.01207571482241
0.0358118894265323
-0.546407568819449
0.151310158203632
0.187254535818037
0.0949952110626828
0.0250234811268741
-0.0394619896938003
-0.172617190783967
-0.0392437500546548
-0.502487184395829
0.104679025412124
