   4.6555385552860123E-009
   5.6528322653805718E-010
   6.6428620129020497E-016
   3.2394905484511346E-014
   6.0590705909657312E-011
   3.8738555209240514E-013
   6.4255586769451800E-015
   5.1894118116037997E-014
   5.6314982593358510E-012
   1.8989527493321421E-013
   1.7163127543452861E-014
   2.3171965012493964E-015
   1.5440054697506021E-014
   1.1152105755959982E-013
   3.9970054568660603E-014
   3.8452910164911040E-014
   3.5775033789214851E-011
   5.8264972092891444E-012
   7.8956913655338286E-015
   3.7135635736019426E-012
   9.8479617393064145E-014
   5.3883958030962456E-014
   4.4268699016505709E-011
   1.0063653371068112E-011
   6.7088365250375297E-010
   7.1509993154280707E-010
   2.2771669544599494E-015
   4.5531341920814118E-014
   1.9496524507790239E-010
   2.9944432182524873E-015
   1.1659030163917281E-015
   6.5657248971938543E-014
   5.6874193262260758E-015
   1.3957824668030370E-015
   3.4756548196080492E-015
   7.0334758152629384E-015
   9.5193447427127804E-015
   2.7195558356661095E-011
   4.5638077503063785E-015
   5.7018476854483946E-015
   3.4612230203909411E-014
   2.2093056495020400E-014
   2.2639969385788921E-013
   1.6236659734044702E-015
   6.6179840528176280E-010
   4.2833412499908576E-015
   1.3563253348212245E-011
   2.3757112705557831E-013
   8.3199591528522247E-014
   3.0054251546217219E-012
   7.3072539227836486E-015
   3.9389267874691900E-010
   4.6420999976525882E-013
   1.4061221904684890E-015
   6.7641948823260532E-008
   2.6725998724477990E-013
   1.8168197980732258E-014
   1.7932207003075830E-015
   1.2539664246469659E-012
   3.8704963612494216E-010
   1.2019023361417488E-015
   6.1016711292603600E-014
   2.2954968166410762E-011
   1.3166711776702697E-011
   2.3522193988070544E-012
   6.6458189566547379E-011
   1.8555476078799084E-008
   1.9949605269407384E-013
   1.0700806576754101E-010
   3.6064397266395340E-014
   6.7553357037011228E-014
   1.3214787116736958E-012
   1.6359416989923954E-012
   6.4851109685071806E-014
   5.1848496984226834E-011
   1.5805021841452493E-012
   1.1416593037208381E-011
   4.7211895866641523E-012
   4.9282638671192845E-015
   3.2250220707128266E-012
   1.2352389113103748E-014
   7.0011545325467717E-015
   6.9957880358460521E-015
   1.4356278908821290E-009
   2.0561291372348993E-009
   5.5453044519249102E-013
   1.7962204800229551E-008
   2.9045107870707211E-010
   1.1667245526784072E-007
   2.1513199253029771E-010
   3.8187897790023288E-014
   2.6019166236461496E-012
   3.5039300449212473E-013
   3.5756469499089869E-015
   1.5765534702217181E-008
   9.7930107232714724E-011
   1.2030929194153596E-016
   1.0037490954404399E-008
   1.7933187034434873E-014
   1.1174812089628265E-014
   1.1306367731410705E-014
   3.0934113877454574E-009
   6.8327155450423495E-014
   1.8198713494727017E-007
   1.7973653703274975E-014
   4.3591469410245802E-014
   1.1959491870961663E-014
   1.7037576490953327E-012
   1.4521036261001656E-011
   2.5331822206833798E-013
   9.3098966290660291E-010
   3.3477703461202269E-011
   4.2670348165401903E-016
   7.0230091645676022E-014
   9.0566500498031945E-014
   1.6300193296806164E-015
   8.5666967641682015E-016
   6.9231431501099129E-015
   2.2418643140595927E-015
   9.7599832991399378E-013
   3.3843197375205543E-014
   4.8893177820866511E-008
   1.8112465459717235E-013
   1.2949472337886254E-015
   1.1666405451460948E-013
   2.4084132692216504E-012
   1.6884356644754685E-009
   9.5045502074938885E-016
   1.5306442041147433E-014
   8.1784903549913865E-015
   3.2628823991568158E-013
   9.9423105357714730E-014
   7.8452569363101663E-014
   3.6849477238148714E-010
   4.5035786624762894E-012
   9.9500203601771717E-016
   1.1218044607787580E-012
   3.2698118592410918E-014
   2.1824561330423983E-009
   1.2700441508846151E-010
   3.2767117352865484E-013
   2.8508831585678620E-013
   1.7359088134211877E-012
   5.8809808088991626E-010
   3.8785564262716753E-013
   4.0751235557195110E-012
   6.4786950774320584E-015
   2.2103235506323557E-013
   6.4164199472584376E-014
   3.3757777362003515E-015
   1.3663193527310420E-012
   6.9235277516829264E-013
   6.4309193181958174E-016
   9.5705141595093835E-014
   1.7213247674729531E-013
   3.1640785194310611E-014
   4.6100918788001269E-011
   4.0144760996319588E-011
   3.8851904957313399E-012
   2.6453976311429149E-012
   1.3069975470568438E-008
   7.1885281161216052E-014
   1.2378941755358700E-015
   1.9098160970666009E-015
   2.3658868777175857E-013
   1.3204222248162301E-014
   9.2371153602996620E-014
   1.2763780705685781E-014
   7.2981928630313958E-011
   4.2249954460301826E-014
   7.4766726936543630E-015
   1.5519489288793673E-010
   4.7711199690626440E-014
   2.5289162064588891E-010
   5.4968839143282314E-014
   2.2200251851822898E-012
   6.7652886616041772E-015
   1.1587701103680221E-012
   1.2266569780229328E-013
   2.2608657100537564E-009
   7.6545656282213051E-012
   1.7922784340518128E-010
   1.0714643471393943E-008
   1.0346169520794780E-008
   9.2413463649788488E-010
   1.8120969884157671E-012
   8.0265215302072073E-011
   5.6893224277766660E-015
   1.8006160587992910E-009
   2.7462428455038820E-009
   2.5290711610881762E-014
   5.4509624449261816E-015
   1.3594358127387559E-014
   1.0609122460233135E-007
   8.2357185438019127E-015
   1.9921923112314332E-012
   1.6153189215146196E-013
   5.3986660461913450E-010
   3.5244647165790329E-015
   1.7522236762207372E-011
   4.3370420611738783E-014
   4.5626270985947702E-011
   7.7356723279292806E-008
   3.4339563043021535E-011
   1.5000982977875470E-014
   1.0423671893714867E-013
   8.3746357383448362E-010
   9.9986812727128253E-014
   4.3893814321343091E-010
   3.3618639706803706E-013
   1.9490700706529028E-013
   4.0241592363523328E-011
   2.2317568268120253E-015
   4.7519306879464014E-016
   3.4465920271298815E-011
   3.0475409376600149E-012
   4.9307910655570037E-011
   1.4435156301878884E-010
   2.5565917964796594E-014
   5.1338337891886007E-012
   5.7589280570204098E-011
   1.1077516122133531E-013
   4.5503811444725210E-013
   1.0845710230639254E-013
   2.8822634546531307E-016
   1.5094146736160300E-011
   1.9734767877904474E-012
   2.8563641084948991E-013
   2.5871481027788955E-012
   3.7062009357836122E-012
   4.7465790948741184E-015
   3.3736688032092471E-014
   4.8661784598916848E-014
   5.4078087850173380E-012
   3.0978603176282326E-015
   6.6455843409627655E-015
   1.9152665950923050E-014
   4.1463715350747472E-010
   7.5327578866970066E-011
   1.0262797885287776E-015
   1.0570771485967499E-013
   5.4893157296892154E-011
   6.3847124523754207E-013
   3.8402379845487637E-016
   1.7257734180011910E-014
   2.0366341672355426E-013
   6.8760914160014607E-016
   1.6131159752725039E-015
   3.6123594871067803E-013
   1.0691134686606603E-011
   2.7530340241475838E-014
   1.2250183967023204E-008
   6.3874806248124371E-008
   7.6915776365217530E-016
   1.1119651871466868E-013
   3.5752133597702301E-014
   7.8337156578617086E-009
   5.5554558306897128E-014
   3.7536511497006775E-014
   1.4233136076914262E-010
   1.3453556874303735E-010
   9.0838964148602769E-013
   3.1880845099594651E-015
   3.9816541379419811E-014
   1.1366772872391155E-013
   5.2568588341561137E-010
   5.0035754793034517E-014
   1.5258862053773342E-015
   2.5926330016582408E-012
   3.1980171773515930E-010
   1.0079615424589338E-014
   5.2500075712866723E-015
   2.1556183070919735E-010
   7.2577597620001220E-015
   8.8319443349486308E-017
   9.9954418906850202E-015
   7.1860167941936397E-011
   1.6027477445726266E-011
   3.6974915333783803E-012
   4.7593775011809195E-013
   1.1811545688115260E-013
   1.7914728577711884E-014
   1.4030334159534237E-010
   5.7945475843436658E-012
   1.7727590809092966E-010
   3.0135959101736680E-015
   5.7523215466035356E-014
   7.8906841993294930E-016
   4.4410560494964379E-014
   1.6665743919644876E-014
   1.7415081938729168E-010
   1.1611652444683460E-011
   2.2123589015679180E-009
   2.7645578721983609E-013
   5.1111332585965235E-015
   2.6948006100181780E-009
   4.9967204899069891E-014
   3.3292546934723946E-011
   2.0788591696322411E-015
   1.4368293621340170E-007
   1.1287441086544148E-013
   1.8160844979822209E-013
   2.2502425520960454E-011
   1.3195122925988843E-014
   5.1899403283015540E-010
   2.6633365379969887E-009
   1.1105060533971642E-012
   9.7426438669785398E-015
   5.4945678578001415E-015
   6.9727165006888824E-010
   3.7096120791119079E-014
   1.7829451297868591E-016
   3.2756409941639067E-014
   5.0408975461634909E-008
   4.5883486812240836E-011
   4.8460779488443878E-015
   3.6517875934261071E-015
   3.9212780942173979E-016
   1.0193912916494127E-012
   4.1835298560645174E-012
   6.5160127529755197E-015
   3.5842284516766640E-011
   2.3344805396271660E-011
   3.6121959204651129E-015
   1.8495918063098625E-009
   9.9073339591476061E-011
   4.6868950505670854E-007
   1.2029536603032138E-013
   2.9042129705140437E-013
   3.2028591437987847E-012
   1.5323210849860926E-014
   1.1276728976315469E-011
   5.1905264774180119E-016
   1.1129152099199310E-014
   2.1014739368070361E-013
   2.6479185363484791E-008
   1.0522524937702661E-008
   7.0690471464968483E-013
   3.3568214803414974E-011
   1.0049098802225814E-013
   4.4630994577924124E-008
   1.7762296145050800E-015
   7.3107597594657471E-010
   6.3499423786950239E-012
   1.2987638433413455E-016
   2.2911314193430840E-014
   9.0358841805360840E-014
   7.5327736462059550E-008
   1.4240559079460398E-013
   2.3220567205684038E-015
   2.2634724158325649E-013
   4.1291289932343460E-012
   5.9066392720177949E-012
   8.1024007794910995E-013
   2.1868028514430860E-015
   5.2253639072112239E-015
   5.3703314770841612E-011
   9.5464426822272174E-013
   8.9495761377628671E-014
   9.0799295710630698E-009
   2.1236213046792326E-013
   3.0018295097633091E-014
   1.5346787099608364E-012
   2.1462242492849292E-014
   2.1176472500468267E-009
   1.0566965143008598E-015
   3.5572750888112371E-014
   4.3147964807877109E-014
   1.0516167604993409E-014
   8.2766711589831655E-013
   6.9804772257813260E-012
   1.8881566115125692E-016
   3.9236769835846266E-010
   9.0457530612008239E-015
   2.0181778559955282E-014
   9.8159896752147591E-015
   9.1952724006690080E-011
   7.6637659580483057E-016
   2.6137925981419302E-015
   1.2569800545911550E-014
   5.7925784286216526E-013
   3.5457338188044646E-015
   4.8116118532208904E-016
   5.4478125680412513E-013
   4.7216966343657431E-014
   4.1015829410642711E-013
   3.8166336725940012E-012
   1.4946561611057076E-013
   1.0544162473031306E-012
   1.1934709829401589E-010
   7.4758496979114480E-013
   6.9438115305727264E-009
   1.7342890914606133E-013
   1.9535749403811758E-011
   4.7966047620359895E-009
   2.6907512282483888E-011
   6.1002288507910996E-011
   3.5178587055459392E-014
   2.4730976919495936E-013
   2.5349225932242380E-013
   1.0706203944242234E-015
   2.9832078872789618E-014
   6.5599065569551378E-012
   2.1959478288359536E-013
   6.0047174312876193E-014
   3.4108644839092782E-014
   2.5040755806461270E-009
   9.4840602100565366E-015
   6.7980919319958900E-014
   1.4623025039100823E-012
   1.3983360647350572E-012
   1.0209395218725149E-009
   4.3388996747235951E-012
   1.0272687393366095E-014
   6.2396930078303119E-015
   1.5468095939123681E-014
   1.6126298906090943E-010
   1.0981035821481914E-014
   1.5818051655177417E-010
   9.6333851889158232E-014
   7.1996994195103500E-015
   9.6369591217866537E-015
   1.2887378049304003E-012
   1.3756928089275824E-012
   4.8856950161715474E-012
   4.5936273164627979E-012
   8.2856826067363345E-012
   8.4630015577079194E-013
   7.2380467011794545E-012
   4.3356056249104290E-015
   1.3411938317070170E-009
   2.3246989043507047E-015
   1.0907326612407344E-014
   2.3520617120882921E-014
   1.0366884673570038E-012
   8.3351032954809522E-013
   2.3183383392553774E-010
   9.4966551976340888E-014
   1.4402558981995705E-014
   4.1903151000622332E-015
   2.8402307582179234E-012
   5.9439941142506469E-013
   3.9166555117513246E-012
   2.8419658667594380E-008
   3.9015627414642000E-016
   1.8266097464586144E-008
   3.7001375613704556E-015
   5.7526021413568845E-010
   3.4657164043687942E-011
   2.5256749249055823E-007
   9.0269183360409216E-012
   8.3405570777112792E-015
   5.0271403953225642E-015
   1.8964438711039083E-009
   5.2506128957047207E-013
   8.7349054543346314E-012
   5.6499577849198296E-012
   4.5840115779109302E-012
   1.1353481871667391E-010
   3.7025227554995303E-012
   3.1114395645641873E-014
   4.4010438984127452E-012
   8.7244887167868202E-016
   3.8094033078413629E-013
   8.6913154702486491E-012
   1.9587097280550535E-009
   1.5578826880124523E-012
   3.4664280762957989E-014
   1.4935861960596840E-010
   3.1814129726934245E-014
   1.3941676023453322E-015
   1.8260349646699178E-009
   2.3319019846536704E-012
   5.0853857541794902E-013
   8.3831489712878471E-009
   2.8219322271257167E-011
   7.6581801224120685E-015
   6.5594899733243484E-010
   1.7230462579461747E-015
   1.5199893105737941E-008
   4.5725154395654177E-009
   1.0086045836844422E-012
   1.5605279388207518E-012
   4.2483839560275134E-011
   8.6532843979080709E-008
   4.4344373033362649E-008
   8.9088574920884124E-010
   1.5165206839967903E-015
   1.1313820044239648E-012
   1.7021380970324394E-009
   4.6592296016073857E-013
   2.0205531212580239E-014
   3.6413845791081103E-012
   2.0540010430247779E-015
   2.3385207388652483E-015
   5.1586392722343504E-010
   8.8551041793548566E-013
   4.6612440555546460E-013
   6.9759988981949630E-012
   8.7698272604782783E-013
   5.7001192224547712E-015
   3.5714117826677873E-013
   8.1178933152220074E-016
   1.4143304172902701E-014
   2.0907689565318124E-013
   1.0052835925819821E-014
   1.3970464307594741E-011
   3.5750051656363178E-013
   3.2465904293123477E-008
   1.0487118986383623E-014
   1.6398973162320293E-015
   7.5647025968451167E-012
   1.8256582845836868E-011
   4.6447612202144863E-014
   6.1319196879693929E-015
   3.3254729323933671E-010
   6.0015056436126164E-013
   1.1401349888519640E-014
   8.7141046993369585E-015
   2.5320142393199592E-009
   1.1917512515189714E-008
   2.5269178018859796E-009
   6.9675159806705869E-013
   6.0518750141745086E-013
   6.4725044954247741E-015
   4.5951881032098625E-010
   5.5773919797407826E-008
   2.5486167221192828E-012
   3.3671345267608797E-009
   1.8109229138459002E-014
   4.0585147341835841E-011
   1.2689612338882486E-013
   9.6213619512947955E-015
   5.5601323250872282E-014
   4.8159899088682070E-011
   3.9310792025925959E-010
   1.6962504161749719E-015
   7.0900365059536020E-011
   4.6243770559157348E-014
   4.0594041093382602E-011
   3.5962624011006129E-013
   1.1287023519512437E-013
   8.9039315849441092E-015
   1.2017247637721502E-013
   4.3546721294671114E-014
   8.0329020609502191E-010
   2.0040160594315308E-013
   8.7807607730440787E-015
   1.7337301899359942E-014
   1.7879887593989973E-008
   9.6097538193893977E-008
   6.6477620272363855E-014
   5.3157688501325209E-011
   8.8364556556555655E-010
   1.2198695657275367E-014
   7.6202224866651902E-014
   2.9686613667928865E-010
   5.1243935087390301E-015
   6.4320702210379974E-014
   2.2256424295036250E-015
   8.1358057940792024E-010
   4.5264563238698222E-014
   1.2620750203397736E-014
   1.0943204725543749E-011
   1.8339762477828865E-015
   3.1840477789386143E-011
   8.2821649874669036E-014
   8.5818969205809841E-013
   2.3778987225247953E-013
   2.7319358373388552E-013
   4.6889579087396913E-015
   4.8792596863723937E-014
   1.5564418485876534E-011
   9.2686835341078931E-013
   5.3246883421937153E-015
   1.0716546499390805E-012
   2.6329936272476400E-013
   5.3609813521571620E-008
   4.7284495214271373E-009
   1.9114616663420534E-012
   9.1040955269206714E-016
   7.6986931249066356E-013
   3.1854185995660005E-014
   6.9074796981987191E-014
   2.1137140684600157E-013
   4.5892602670603814E-014
   3.4274209219511337E-015
   3.1795705023666286E-014
   5.2384156014166240E-007
   3.0908105906249448E-011
   3.2728001441049308E-013
   5.7894990130745365E-012
   3.8245436755776155E-008
   5.0528706492869186E-014
   1.2286491147856990E-016
   1.8425348470127866E-011
   4.0334282522313370E-012
   1.5957556518377331E-013
   2.0089553395504261E-012
   6.8839987184538958E-011
   2.0280886876569504E-014
   1.0983391219287618E-012
   6.7865660665502060E-016
   1.1344486219332549E-008
   1.4735490921359286E-008
   1.5510582280712498E-013
   6.0139154255294402E-016
   6.4469435957848085E-015
   2.2356046522360782E-007
   1.7737060330288214E-007
   1.9373705580570720E-011
   2.0041878372659821E-011
   1.3128592210431180E-012
   6.7988672586232112E-013
   1.6338415850836116E-014
   5.7300018498967492E-015
   4.0144477285959412E-013
   1.0567057553589601E-012
   6.4333055066360149E-011
   1.6778087109255566E-011
   1.1434690339034958E-015
   5.6423867441068123E-014
   3.6162524034893305E-015
   3.3436839752763720E-009
   2.8351331802886314E-016
   5.5527014314436360E-016
   1.6837079040341210E-014
   5.6365261953451929E-015
   1.9887757058142571E-014
   1.7129185957064105E-007
   1.2267654670474633E-015
   3.6304723440550154E-014
   7.1396673204800671E-012
   6.3414432004680327E-012
   3.9921421202561146E-014
   3.2824662320445983E-014
   3.9595029679320404E-010
   2.0058975259850627E-011
   1.2684946702514597E-012
   1.8421761868524390E-014
   1.6410468773013734E-012
   8.0922712137839431E-011
   1.2873047541766868E-011
   2.9245220279383901E-013
   3.9837789032834396E-014
   1.4588387551592164E-014
   5.0269004038123533E-014
   3.8169368202628452E-012
   5.6185822929079223E-010
   4.1777591855626405E-015
   5.8751092956473389E-011
   1.8179214721091468E-009
   3.6053689496479289E-015
   2.6533781741045406E-010
   3.9217896394626724E-015
   2.7599086564457310E-013
   6.3950399207938434E-011
   8.3987474987471346E-014
   1.4227629105961632E-015
   1.1511134168420282E-012
   2.2009708563331633E-015
   4.2460478127041599E-009
   4.4583041327860815E-015
   9.6679849796679836E-012
   4.7747837419335438E-014
   1.1013843928065051E-010
   6.1761432577540571E-012
   7.4467767520539610E-009
   1.3201610980109220E-013
   2.5514072934463601E-011
   1.4342983726275847E-014
   6.7340480527134695E-015
   2.1243215089311405E-011
   2.1005241102300463E-011
   1.2758664616490492E-015
   5.2112667360117109E-014
   2.3766017426753221E-015
   6.9812009512068174E-007
   1.4887048799585045E-011
   3.3813263215983995E-012
   3.5712964767773907E-011
   6.5887934561029914E-011
   8.2336705095596671E-009
   8.7888575980875751E-011
   4.0232671178268369E-010
   5.0931006862397839E-009
   5.0911727684607455E-010
   2.4720120882266993E-013
   9.0644116246923453E-009
   4.5322638755993971E-015
   6.2924567777619403E-007
   1.6166537531940656E-010
   5.5270851968085729E-009
   1.9651316285307352E-008
   3.6332871000365716E-007
   1.2185440704150835E-013
   2.5054613592566146E-010
   2.8833087175858515E-015
   9.0106325107159849E-009
   1.5569127055129226E-009
   1.1443703484282513E-014
   9.8076264813188475E-013
   8.6853681950195068E-014
   1.1471216057101770E-009
   3.2909651594233058E-013
   8.7721843806350643E-015
   9.5270399397670187E-012
   8.9976474415591072E-013
   7.5531655708055134E-015
   1.5407498926841976E-012
   3.8748224939429035E-013
   3.9723879483035183E-009
   2.5585623822179914E-011
   3.5244540289986815E-015
   2.0953605361341903E-012
   1.0507003110772255E-014
   5.9570441971287020E-016
   1.7977280310216694E-011
   1.9100393468966144E-013
   1.8501248032935346E-014
   8.6784764257055288E-016
   5.0094042268955356E-014
   5.7130503658108845E-013
   1.5038284067271897E-012
   2.0464372160737561E-016
   2.2119924092823754E-009
   2.6983975691615105E-007
   3.0897630773351815E-014
   8.8453467973827376E-015
   5.8988792015867719E-012
   1.8551530286060521E-014
   1.0213230674882555E-009
   9.5754348331963267E-014
   2.6025075379487948E-014
   2.8030728821344492E-016
   1.2068492625596376E-012
   1.0445860435865073E-014
   3.5682439746156688E-009
   1.9926414255198269E-014
   3.1142586772775135E-012
   8.3359673385394003E-011
   8.0597163150762322E-013
   2.2323056292681786E-014
   3.0345356707568793E-008
   1.4842912717923526E-011
   2.3078260453592963E-012
   3.0719684818081143E-012
   3.6383835008318805E-011
   2.7197452562115703E-011
   1.7380438602789183E-013
   6.4374184442408104E-015
   4.4300082514117611E-015
   1.3853848927154385E-010
   3.0346311270715908E-014
   7.3700693523040972E-013
   2.9453223821567183E-014
   3.2734309226162038E-013
   1.9713461680936728E-014
   1.0811865057911819E-014
   2.1565229381132395E-010
   7.4173198347361880E-015
   4.4235976333060427E-015
   3.6822667063895481E-015
   2.1441826225571168E-013
   9.9566928863695615E-010
   2.7462596546090644E-014
   1.7425341200478918E-014
   7.5129178009568124E-016
   7.3107775493781141E-013
   3.5355238494076762E-010
   5.3015514794142067E-012
   2.2530070652298335E-015
   3.6126681810162773E-014
   7.2870372835589425E-012
   1.1052795097373378E-012
   3.1643953099408049E-013
   1.0280658933855090E-013
   3.6255829562934332E-015
   1.2012995654782068E-010
   1.4691613433920448E-012
   2.7741036461707556E-009
   1.8783089308767737E-014
   2.8520932028479025E-012
   2.3486989482374155E-012
   7.0563759915948722E-014
   1.8186889670876333E-011
   1.3907244517962948E-009
   6.1033788399336340E-014
   2.7026266938713285E-010
   5.7655214593422630E-014
   8.4401584790420235E-012
   4.0692489308286201E-015
   1.8665156910373762E-008
   1.2150893921980832E-014
   5.7441446403692385E-011
   2.0631145251066043E-013
   3.8869399135852217E-009
   1.8890314691981371E-015
   5.5472540206003670E-012
   2.8590601539190871E-013
   1.5447330300443909E-014
   8.9531714007461721E-016
   2.0078447345676942E-016
   6.4807277978659711E-014
   2.7863734099967443E-014
   2.7948983524111278E-014
   1.6625341091841454E-013
   5.8889540420192013E-010
   4.0219811821583038E-016
   3.7602269523609398E-013
   3.6129767557861736E-015
   1.0696712597009125E-013
   2.6000368419338467E-014
   1.9410594893511851E-013
   9.4573942574432077E-011
   8.1826877746167566E-016
   2.7722116029122117E-009
   1.6683182291050912E-014
   7.9937002943612110E-014
   1.7191565969833099E-013
   2.9896159041907571E-015
   3.7343535896285096E-014
   4.9573688097041532E-015
   1.5762433140411778E-011
   6.9312277288406751E-015
   1.4733752705263201E-010
   1.8982492264313303E-013
   9.4617563924600410E-016
   1.4655000749346197E-011
   3.0742233252908383E-009
   9.2737905758368531E-015
   1.3117632451619151E-007
   6.2101916126911330E-010
   1.1548651472750361E-013
   1.3096832490620426E-016
   4.8115029183656527E-012
   5.4565198464548174E-013
   4.7094718407137393E-014
   2.1726796177932558E-013
   7.8577912732979431E-012
   4.0714723233728697E-015
   4.8170639571839549E-014
   3.0702700875675778E-011
   9.4229511630566063E-013
   6.6547328756926105E-014
   1.6504565613059551E-012
   2.8655008866007479E-014
   1.3688984451419280E-007
   4.2786740248038499E-014
   8.8283682453020247E-014
   1.5664515600937686E-010
   3.8119883084297808E-013
   4.7670809945457973E-012
   4.2883361267280598E-008
   9.0723562182006395E-015
   3.0795974070321943E-014
   3.4050980232262004E-014
   2.2062074445138555E-007
   5.4316243388644074E-009
   1.4586361085762752E-015
   1.4766576085377846E-014
   6.1574876561481265E-015
   7.8304258487986972E-016
   3.3632228693864784E-011
   1.9116680755106457E-010
   2.3146794304028319E-014
   1.9781924720606154E-014
   3.5773420968377701E-015
   5.4649784752489231E-016
   1.1446861653216551E-012
   7.2548097872873402E-013
   1.2994453569065741E-013
   2.6505653995290805E-014
   1.7957876447904553E-012
   1.1669387881933086E-010
   2.8760402620461183E-014
   1.3424327744264222E-014
   6.1491095481097318E-015
   3.9595516189703918E-008
   1.8320476955166091E-012
   4.8376523490911941E-013
   1.3022963142129520E-014
   1.2404081753336804E-015
   6.3089983636811969E-011
   2.0660146131254924E-014
   3.7110336887859352E-015
   2.6364064724289141E-011
   5.0268551694595276E-010
   3.3190720148549797E-009
   9.0016476074335873E-015
   5.7440419169386400E-012
   5.8781166315541413E-011
   1.1849676105947880E-014
   4.6402734053037731E-015
   1.9426458587913871E-014
   5.4210370543290714E-016
   2.1426016666228127E-011
   6.7761922224944619E-013
   2.1100941331433041E-014
   2.4396174159628292E-009
   1.9245957589677455E-009
   4.4753504227496318E-015
   5.3558706167949197E-011
   4.2055628918214150E-013
   3.1425485779063736E-009
   7.9943600554842673E-014
   4.3195525724307284E-010
   5.7994401580528106E-015
   3.5512200848803946E-014
   1.3205773599407802E-014
   1.2905379576710673E-014
   4.6062837083784767E-014
   2.9164562627529287E-016
   3.4071248175931378E-013
   3.1966199065034615E-015
   1.3853197991912223E-014
   6.1490935432989520E-014
   9.3988335647409577E-015
   5.3748561173029796E-012
   3.2750590386211250E-011
   1.1565753597516287E-015
   1.6317681249888073E-014
   2.7681153054638417E-016
   1.0925030493778638E-014
   3.2663021077208753E-009
   7.7194710788924580E-015
   3.7091800398618309E-010
   8.8995577133658521E-011
   1.6875358762419661E-013
   3.0328585217118751E-015
   4.6018917861443567E-013
   2.5888929468067893E-015
   1.0008256850568706E-013
   1.4056105105873654E-012
   2.2143987513432574E-014
   9.3395478101532891E-012
   1.3058680630287042E-009
   1.8515592534179949E-014
   2.3948689666872617E-013
   6.3149759866016794E-015
   1.8543548118089783E-012
   9.6728758281904586E-014
   1.8857213755643488E-014
   3.0465890366661864E-014
   5.6822185424975665E-015
   5.9309260336065798E-012
   9.7958866229244003E-010
   1.1726986750210515E-015
   1.1360283107151607E-012
   4.3471590953264378E-010
   2.3821086350557524E-014
   3.5829407073304605E-011
   6.2761774130745286E-010
   1.9577806221407369E-009
   1.1302150073850344E-016
   8.2163781600125357E-015
   9.5608816916867358E-015
   1.6966824351990162E-012
   2.5909958170098118E-009
   4.5017365781628870E-014
   7.3429342595290477E-012
   6.7843728586290369E-011
   2.8894836149232943E-011
   6.0562069046983517E-011
   9.4169480754580308E-016
   1.1146021371911685E-015
   1.9270881401120071E-015
   1.2652718569867003E-009
   4.2516266223961960E-010
   2.7290826103263129E-011
   7.6288500440733850E-013
   3.7839534707189856E-015
   7.2648158156238331E-015
   1.5430820881945280E-013
   2.2441851687611188E-015
   1.1154919319331888E-015
   7.6484745333359811E-013
   5.2515165037789692E-013
   3.2160874682848561E-012
   2.0329911528944823E-010
   1.0874787163934710E-011
   1.6524920334372985E-014
   2.7035192285268210E-013
   1.9024354538739115E-013
   7.0646462980519356E-016
   1.3169076839767637E-014
   3.1392253094591066E-012
   6.8721867565003582E-015
   1.5193482847131217E-008
   8.5846761508205136E-015
   8.6719784543265294E-015
   3.0967151112671468E-013
   2.2135830120124371E-009
   6.1123438773425594E-014
   4.8198574937833384E-014
   2.2513147902945722E-014
   1.9013915659795598E-012
   3.0104562625054824E-011
   1.0402133032497442E-015
   7.5677791292477778E-013
   9.2831291497241440E-015
   4.9600903249323603E-015
   4.0414941381269006E-013
   1.2761274571474171E-012
   3.6738977673584202E-011
   1.6045514892213351E-008
   9.6406172628323569E-011
   4.6410807411796641E-015
   1.2188698725633338E-010
   1.5332089995616945E-014
   2.0901568769955219E-014
   6.4029407705862275E-013
   2.3660074008152943E-010
   1.4107581533942560E-014
   6.0675344189206276E-010
   8.4373475339617857E-014
   4.8124817163668651E-013
   5.8944767114948775E-016
   1.6159535252094139E-014
   7.2203036121151431E-015
   3.7541169370732864E-014
   2.8718168964459010E-009
   2.1085589252572458E-009
   7.8628927922082784E-011
   2.6427556028112941E-014
   4.8573799812763565E-013
   7.9541781146256821E-015
   1.0284062578209906E-013
   7.3274985837709262E-013
   3.2569763496089909E-014
   1.2045942798011432E-010
   5.4364922264063423E-015
   2.8474054968245685E-014
   8.2054205699176528E-009
   1.1589823077025946E-013
   1.7733822382847197E-008
   1.0547639616175959E-014
   1.8455762617621154E-008
   2.0690669334293952E-014
   1.3554851272946983E-012
   6.7930377610359148E-012
   2.4922202757326197E-012
   2.0730544782493682E-015
   1.1208652014118243E-012
   4.6497996486881110E-013
   2.2238612172669787E-014
   3.7813394145560400E-012
   2.2970600215388679E-015
   6.6794644815920742E-015
   1.0813296710192766E-011
   3.2706006343684652E-013
   5.2402939947037996E-016
   3.2538162204383926E-013
   1.1544428710251684E-014
   5.6910682356323974E-015
   1.9137779023856688E-012
   4.0026985520823094E-011
   3.8105279401133571E-008
   7.3222748895121618E-015
   9.2377841106795280E-014
   1.7252756286484751E-011
   1.6874199425972851E-013
   8.2899741459777169E-016
   5.5400166887691319E-015
   2.8460540451781488E-012
   2.3015708592228986E-009
   1.0311300963119620E-008
   4.7638332039503383E-011
   1.7087134844786449E-014
   9.5779729607851919E-015
   2.1978862141238382E-009
   3.0879586529686671E-014
   1.6808601640309985E-013
   3.1426425239682832E-014
   1.6530713980764376E-007
   3.1339003176336377E-011
   2.9320541040751720E-014
   2.0257241820029669E-014
   2.4436196113489942E-014
   6.7879639190646418E-016
   3.3132028364343116E-014
   1.0343683367653170E-013
   4.4501869132584712E-012
   1.3183185890797094E-009
   2.5361736149099871E-013
   3.6354840546428135E-013
   4.4052800548657567E-012
   8.0495482453852433E-012
   9.0309501308722195E-011
   6.2484440179759777E-013
   1.5795594741411863E-014
   1.9495232770091613E-013
   1.4800513498263156E-011
   9.3131323852166026E-015
   2.0144389143659330E-013
   2.1536911866479974E-011
   4.2811296918788934E-015
   6.5247655303723192E-015
   1.9063076608893011E-013
   2.4716333403073441E-011
   3.2942087969175740E-013
   2.9631968747251761E-015
   3.1399868558714716E-010
   8.0236898870999565E-015
   2.3735069485190187E-014
   5.4230312221567660E-010
   8.4877908928782134E-014
   4.4070723353587265E-014
   3.4659595278545921E-013
   1.0059272159097421E-015
   3.6086136041464621E-012
   1.6269109823309594E-012
   6.9800186082955085E-011
   1.4339933380173031E-015
   2.9847243618896492E-014
   9.2986460392907384E-011
   7.1656789146401980E-014
   4.7235538934522094E-014
   5.9125746665855791E-012
   5.5823501208037566E-015
   2.2803178399035309E-014
   5.9947803204243613E-011
   6.5559618910823414E-014
   1.3527773389653264E-014
   1.8694942227546495E-008
   3.8058789183467329E-008
   4.1333187815660239E-013
   4.4692900475598179E-011
   7.5841218988840147E-013
   4.4314884185879312E-016
   8.7371526097012484E-013
   1.6978238198188244E-014
   1.7399137873540949E-012
   7.4612101006911862E-011
   1.2536258243252199E-013
   9.3978680458882678E-015
   9.1284586055700056E-009
   2.0205156710135732E-008
   2.9048923185332040E-015
   1.1800566005905987E-011
   2.3631164150611963E-011
   2.9560419659131441E-011
   1.4187471449268631E-011
   2.8719225701778916E-009
   3.0133558833645421E-009
   9.5263312859805142E-010
   1.3266021099241951E-015
   3.3597757952154398E-015
   8.6575095842034194E-010
   2.3805998553539277E-013
   1.1436162182391193E-011
   1.9921993095611683E-014
   3.4390699042410493E-011
   1.4006740174642354E-009
   2.0986315274258337E-014
   3.0079121324837660E-015
   1.5143390828755237E-012
   2.8506076833424388E-012
   3.7965916197623694E-013
   2.4098229610904517E-009
   2.0261686886972303E-008
   1.3732018270165337E-013
   9.9289944187328550E-012
   1.9152996656479799E-012
   6.5218727124893791E-015
   2.4706635444210481E-011
   3.2956163249885858E-012
   2.1542774221774531E-014
   5.5236004166406327E-014
   1.6992873919668390E-014
   2.0289473246248837E-014
   4.7469954470161879E-012
   6.6666481245408008E-015
   1.5918165433003489E-007
   1.2571566771634749E-012
   2.6578801423813617E-013
   1.4288446024004233E-014
   9.9205631633301661E-014
   3.6969717843576658E-013
   9.4015789732054870E-008
   4.2924871887208715E-011
   5.5303234313009273E-012
   2.4654723135021287E-014
   2.2622809066102651E-014
   7.0018846266491620E-010
   1.0766439747831839E-014
   4.9306372218747894E-012
   5.8769533842087484E-014
   6.1943454262449197E-015
   5.4684695111022131E-012
   3.0811788574880401E-013
   8.2403966292162209E-014
   2.2648738135068173E-013
   3.7709521633447635E-014
   3.6577892720641058E-015
   4.1456102124566801E-009
   3.4706756381012314E-013
   4.2867842000613572E-012
   3.0992568314829338E-013
   1.3984870534952426E-014
   2.5622387420492280E-010
   2.3449763542478963E-012
   5.0404660521858776E-014
   8.9020831792953179E-013
   3.2781461739721755E-015
   9.4204384805847492E-013
   1.0648236663662241E-013
   9.9112250961614291E-011
   4.9027902625178453E-015
   2.7996965793340632E-013
   2.0820475832701260E-014
   9.4183996526159152E-009
   7.2860183062052653E-012
   1.4020573627567583E-014
   2.2604590995010915E-008
   2.6117123146190997E-015
   3.2535881379677077E-010
   2.3898933083053319E-011
   7.1472130228061627E-015
   1.1477573528955625E-012
   2.8225320946579238E-013
   1.8950610362832862E-011
   3.6306566803037741E-013
   3.3363215510102125E-008
   1.1508481281167998E-012
   3.2141951259723995E-014
   6.8261666678541554E-014
   1.1391031789009422E-010
   2.3433464723058871E-009
   6.1586490583528326E-015
   1.0391635206452295E-014
   3.4294537668437433E-012
   1.8764153184742097E-012
   1.0971918319804383E-013
   1.7525605171069273E-013
   1.5898992510187689E-014
   2.9766397736354420E-012
   5.5637509379824035E-011
   1.7879854941690966E-007
   8.0733516253720566E-013
   9.4445504551649247E-015
   4.5698206048247035E-013
   1.0866209826177511E-009
   8.6437046263811672E-016
   1.2598628901511481E-010
   1.2309616658442398E-010
   7.3197084640281173E-012
   2.5380359045664592E-014
   1.6104349649014060E-013
   2.3891096715022185E-014
   2.9900972495257743E-014
   2.6398439633179927E-015
   2.4355178381440416E-015
   3.0316827212939744E-013
   9.6054042731981586E-012
   1.6025820722465824E-011
   1.5596529872191406E-011
   1.0532894824797591E-011
   2.6028536981279078E-012
   1.1257376242218223E-015
   5.8350140091594310E-015
   1.6949883808330859E-010
   9.0577741644733115E-013
   7.0593150746886075E-012
   7.5854248739433978E-014
   1.1519621763040999E-010
   1.3410313697582570E-010
   3.5079074162190503E-009
   1.6777584199818161E-015
   1.1801376857740517E-014
   2.9138926346232318E-013
   7.5127320968450184E-014
   1.4713332171481089E-009
   2.3637623817176612E-012
   4.8400598008838462E-011
   1.9267383635299707E-011
   5.8571890517486366E-015
   2.3873988167593226E-015
   1.9849555249458260E-012
   9.2787691954524571E-016
   1.4451849390232818E-015
   1.7289892467345066E-010
   1.1113356233611869E-014
   1.0527324148504513E-013
   1.1567557681137591E-013
   1.2907114781033318E-015
   6.5383125410519243E-013
   1.3070316665262262E-013
   7.0823771879759370E-014
   3.9895737234538889E-014
   1.5647004681222756E-013
   2.4029576310062676E-011
   2.2384493270165354E-014
   1.3960680954591065E-014
   4.2981748072618117E-017
   5.0638529889870993E-010
   6.0395271052644178E-015
   1.5084856394708135E-014
   7.0067197560915401E-013
   1.0574320762301082E-011
   2.3164738905814045E-008
   1.0551708986477387E-014
   8.4791381852614343E-012
   1.0154782929634921E-009
   2.6398854229017704E-011
   6.9895978394718350E-015
   1.1106589507559827E-014
   1.0917214235603650E-012
   3.4315242729256395E-008
   8.6951618125163230E-015
   3.1995715052452502E-014
   2.3226597317115439E-012
   4.6316645283544576E-014
   1.5298223205752702E-014
   4.6153741579259239E-016
   8.3819763522547306E-015
   2.4887960218594127E-009
   2.4362671206582380E-014
   1.2081597733015528E-015
   2.2947921663309737E-014
   1.3243516971853793E-012
   7.6113293522035593E-014
   3.1361874120065679E-016
   1.6167113822786410E-012
   2.7437332378370531E-014
   1.4681536380424472E-014
   5.4467987398901901E-015
   1.7718572521627704E-010
   1.0924464166400586E-014
   1.9734312586301436E-008
   1.8232089174896968E-009
   3.7575944243999888E-015
   9.1417982218151042E-011
   3.8172910753780428E-014
   5.5818546871862800E-013
   7.5898931193034258E-015
   1.3247759904355551E-013
   4.0523468306157977E-015
   1.0430932251715715E-012
   6.4799710877624363E-015
   1.0246146272560576E-013
   1.9607839415504202E-012
   1.5532241653578343E-013
   8.8750287512698113E-014
   7.1493898124366791E-013
   1.8385425084956575E-014
   3.9557942410784606E-009
   3.6231626445860357E-014
   2.8941417803794358E-009
   1.2741527435815497E-014
   4.6852716622451824E-012
   3.2666652879322821E-014
   4.0667481081018146E-014
   1.8425897900480404E-010
   4.8763913076151818E-012
   7.0611360575612983E-013
   2.8098511549267782E-014
   2.7807042214098843E-014
   1.1401391188671157E-010
   3.8181833261099330E-013
   9.4721104385616796E-014
   6.8108753707447036E-015
   1.4825821889785554E-014
   1.9085266241623583E-008
   4.5339924477750120E-015
   7.0136472795799133E-011
   7.1151988983835303E-012
   1.3596566291707315E-013
   2.3322389284694446E-013
   2.3406524816984338E-011
   1.6393553584883899E-014
   5.6641581417792971E-014
   1.7092531641133073E-013
   6.6187845963429187E-015
   2.4382460466016817E-014
   1.0368232556855042E-014
   2.8948386508125695E-012
   4.9061557460012495E-012
   1.2750396649152904E-014
   4.0380781187546827E-011
   3.6063363256209299E-014
   5.3103479815141072E-013
   5.7215434512958942E-009
   1.4415214147716275E-012
   7.2087900846784849E-015
   7.0512454964801095E-013
   1.0405255541846079E-014
   1.1290341790821176E-014
   2.6162032958930749E-014
   6.4047180037727802E-014
   1.2561350346431710E-007
   5.8941317255691121E-014
   3.0094781619158833E-010
   6.8290619226931256E-013
   1.2193443319638736E-011
   3.6404095140329301E-014
   1.2012184048612041E-014
   1.8679177065099559E-013
   2.8426986513452323E-015
   6.0703214480281830E-014
   4.7893069383858288E-008
   5.4437060418253849E-014
   1.5757448273770122E-014
   5.9330833421895473E-015
   1.3982794582280953E-009
   2.6285695718877416E-012
   4.4615198138205614E-010
   3.6485859452871472E-007
   5.0645826266926538E-009
   1.8352363410074340E-014
   6.4805433074632357E-013
   1.5974578169467378E-010
   4.5524539956380269E-015
   6.6288040429450150E-015
   8.0473680321036082E-009
   4.1358825147959669E-009
   4.1782233480878962E-010
   2.3992086841206774E-013
   7.0007532370550446E-013
   3.8839865481314943E-014
   9.7076583883211990E-015
   6.7370008017775504E-009
   1.6012290546652922E-014
   2.3432063560590178E-011
   8.3517562069783144E-014
   4.7472474120010148E-009
   1.8421686188304104E-012
   5.0996240351484280E-016
   3.5672980413694557E-010
   1.3967038710767762E-012
   6.9825457277321863E-014
   5.2926269210599366E-014
   1.1403318296197872E-015
   5.8091704559713846E-013
   1.3184257996113744E-014
   6.1151351373866174E-008
   7.9437158349871114E-012
   6.2427960796344713E-015
   2.4902358431664017E-015
   1.2535478734460387E-012
   2.6231088452356968E-014
   8.7585420893927374E-015
   9.2540196777278923E-010
   6.2234984935718586E-015
   5.6067599336364349E-014
   7.8652673137339401E-013
   8.6996803893678521E-013
   3.1138579491540197E-011
   1.0781547031676415E-015
   6.9722180298111367E-011
   2.1107378788951524E-011
   6.0264111181906964E-011
   3.4359355158397275E-011
   2.1726765258057273E-014
   6.4460411625051647E-014
   2.1120519359737923E-008
   9.0678684900748451E-014
   2.3664606985820779E-012
   1.3961939786340746E-010
   2.8916584381854275E-015
   2.7920743519424077E-013
   7.5265225308557277E-010
   5.4253278884578743E-014
   2.3465744588260236E-009
   6.0297783001958957E-015
   2.8878791039246369E-014
   7.3436398716867309E-015
   3.9981676655103004E-011
   2.2454131649930594E-014
   2.2207025962763070E-013
   6.4781065873753333E-011
   1.8892201858682105E-010
   9.9141484892524488E-013
   6.4280519821104901E-016
   3.3139936182677078E-007
   3.8610293614614102E-015
   2.0907904536606854E-013
   5.0850288720481401E-013
   2.4589097172907176E-015
   3.3869171119329826E-011
   3.4826405562044747E-015
   2.3135991733992629E-009
   2.0683572282674348E-013
   3.5316926331007382E-012
   2.4340714229092341E-009
   3.7460259825654574E-011
   6.0704710994632015E-015
   7.7197266798057696E-009
   6.6624820654084317E-007
   8.9368735335558113E-014
   5.4913807880644623E-012
   8.5944854297592121E-009
   1.5451136106028362E-014
   6.4857736217123240E-013
   3.2539272372779756E-015
   4.1551961654189421E-014
   1.5436115099240107E-013
   7.3149330693558853E-011
   2.0123281331593445E-008
   3.1156530262287850E-008
   4.6945192642484069E-010
   9.0101265249715432E-016
   2.8583988714740858E-011
   2.6024267980950307E-013
   3.8224089401116107E-010
   6.8266828647079772E-009
   1.4911898673920818E-015
   1.1471545365105907E-013
   6.2495073184886886E-013
   1.1516784607231030E-011
   4.8837825735418513E-012
   1.2434558464541297E-010
   7.0793387084112198E-013
   7.9401852699835016E-013
   7.2427810301553539E-015
   5.7881886653554388E-015
   4.3752441548379516E-014
   5.4364856122809801E-009
   5.4219520356891167E-010
   5.3221103162254349E-013
   6.3080318525927609E-014
   1.0311926547238532E-011
   3.3007874832408821E-010
   7.2148720743037570E-012
   1.3200919802500362E-014
   7.2897961064667656E-008
   1.6097027562650565E-012
   6.4253260318672603E-014
   1.2021135475093732E-010
   1.1297068026535561E-011
   5.8324219541786740E-016
   1.6857608191369160E-015
   1.2909445611368704E-013
   6.2444957610427293E-015
   7.6028744701176672E-014
   1.5171664758879849E-011
   1.1538979475321316E-014
   2.2321246674081769E-014
   8.7166634475576128E-010
   6.5946090022708048E-013
   1.3577471562173250E-010
   1.0180620100030722E-014
   1.0471999789132098E-013
   1.6426316522241376E-008
   1.3432275185585965E-013
   7.0285443278258406E-014
   3.3065739682029804E-014
   3.2768319337856400E-013
   2.5053574774958691E-014
   1.5225852152825097E-012
   3.4181963420411379E-009
   2.0966096512351774E-012
   4.0620277603174647E-010
   3.0087868423814701E-014
   1.6902186035721902E-012
   1.6413519651797236E-013
   1.2522263509902110E-008
   1.7004976019247364E-013
   2.0705771065976806E-014
   9.0110883517620164E-014
   9.3776392758732741E-014
   1.1002941695352505E-010
   3.4914004944693103E-010
   2.2143762614877809E-016
   4.5270895056114133E-014
   3.2460981709686270E-009
   3.7668851915149544E-014
   2.6413089828737780E-014
   3.4175447256390593E-016
   3.6572168626098532E-014
   8.0751227599733598E-015
   1.5311605196222461E-013
   1.7232407591013520E-013
   3.5520137440490542E-011
   9.8771935361720567E-012
   5.4757625123960987E-014
   2.5769049316803760E-011
   1.1180327895027168E-013
   2.5366278960940153E-013
   8.6532536995850469E-010
   2.3454084630761729E-014
   6.9176732809208803E-013
   3.2038651150697186E-015
   4.9754477188628462E-013
   4.6912857162493102E-010
   6.7149901864732844E-015
   8.2015808370728575E-015
   6.0913940072256915E-013
   2.5144750310146782E-009
   3.7825977654898455E-012
   3.2975536762611722E-013
   2.7379351279907147E-011
   9.0926467833943078E-012
   1.3464144003674409E-009
   2.0494137851724980E-016
   1.4419149343565053E-014
   2.1804722707726704E-014
   1.2982178583287260E-013
   1.8271733052806099E-015
   2.1803327362514363E-013
   1.0331365018704978E-014
   2.0813653352512675E-010
   1.4567438060710723E-011
   1.0123662604655337E-014
   2.5759406542977052E-015
   1.1062589860450443E-009
   2.7127416714407839E-014
   1.1243081813334453E-013
   1.3457685566772442E-012
   7.4852973826749950E-015
   1.6948243901584962E-010
   5.3474021640652923E-008
   1.3361151866548066E-012
   1.4348943797494724E-014
   4.0951546150456009E-013
   1.0224034651040411E-015
   3.5966029573134089E-013
   1.4441751131610288E-010
   1.8160008632525901E-010
   5.8222947089558022E-013
   2.8908352659703141E-007
   3.9053710660109729E-013
   1.3227590897697250E-008
   1.2168713642121346E-012
   9.8628651197775344E-014
   5.5949958593825234E-012
   3.1441565094508476E-014
   2.0125113670583390E-012
   3.9376447668946434E-013
   4.9295606953216155E-011
   5.8862610545858845E-013
   5.9221210254666451E-011
   2.2127748464344641E-015
   4.7015093951800495E-008
   1.9955736954987566E-013
   7.2842444338497802E-009
   1.1589958264116898E-013
   3.1426006321499574E-009
   2.0218125421231732E-013
   6.6672936203271695E-015
   4.5550402344659800E-010
   3.4551575845053937E-014
   1.2777183894956495E-011
   3.3534552556300803E-012
   1.5129105290009747E-007
   5.9431624334159021E-014
   4.3032767755291456E-012
   2.7906708159670503E-015
   1.4059294643598449E-013
   5.2929360137059122E-009
   8.2340127593055457E-014
   4.3254957961514495E-009
   3.8336739575628588E-014
   8.5528528624204678E-015
   4.4162819665587626E-012
   3.0231311051241276E-011
   4.3076331959980514E-014
   3.7734075353573796E-009
   6.2840592661910578E-012
   1.0832744586747777E-015
   9.3068787116445794E-013
   6.6073708655127103E-010
   1.9964062164885658E-013
   2.3100631357831422E-014
   6.8594183775255437E-015
   2.1382723791457261E-016
   7.2237206770815017E-011
   9.6086096437522416E-016
   3.9906028581331747E-009
   9.6180662845683886E-015
   6.0000819224532391E-009
   4.3998999885639173E-011
   4.5035014723748034E-014
   8.7323000258363304E-012
   1.0792598833319422E-014
   6.3861063814245878E-014
   9.6841113670101996E-010
   4.4965502323937819E-015
   6.0355489495179436E-013
   2.0381072774816781E-010
   9.1930606531436859E-014
   2.0930705347949709E-014
   1.6718455832860453E-014
   2.2709391955073776E-010
   3.4833619023235048E-010
   2.8268783970415678E-011
   9.5693661512858351E-013
   2.6985272132440663E-011
   1.7054977245521075E-015
   2.0813719461260123E-013
   2.9069126633147415E-015
   2.1781694744798435E-011
   7.5999508013700589E-012
   8.7821458345448597E-015
   6.6521250465509017E-015
   7.3931434386984834E-012
   2.3399004675256207E-009
   1.7285574887861463E-015
   4.6626808955758397E-008
   3.7382263184633367E-015
   4.0191286296378569E-014
   3.3741405321509385E-010
   2.0963737688164264E-011
   5.6327885125081307E-012
   1.8642346297836425E-007
   2.5364123516296082E-012
   9.6843897140814242E-010
   6.0456272161016183E-015
   1.0692740162676103E-015
   3.1008893070303835E-015
   9.7579319612208214E-015
   1.2289386815428989E-013
   2.9264432603280857E-014
   7.8266180685627419E-010
   1.0006270976450894E-012
   1.9225893988202711E-011
   5.4053488012880138E-015
   4.9671668577036287E-012
   2.4618993341553303E-014
   1.6320127137938145E-015
   7.2456233920509435E-015
   1.4858086471238440E-008
   1.3678871787873682E-011
   9.1286235390796043E-013
   6.8656043808897903E-015
   9.7485372621997396E-016
   1.4022118690927953E-013
   1.7883936860390846E-014
   1.3640368351192079E-011
   6.7221234293422539E-015
   3.0038328061164679E-014
   2.3887730767610517E-015
   1.3133845721236991E-014
   1.0338442111167687E-014
   1.3154527592852904E-014
   2.9168105685205167E-014
   1.3165563171874682E-011
   1.5219437302600904E-012
   3.0044815464264124E-015
   3.9858288905700836E-008
   1.0220443822253574E-013
   9.8716329020038922E-015
   1.9728087314769145E-013
   3.4156048288830574E-015
   5.1316582821030493E-015
   1.1986974597193370E-013
   3.3362239278700300E-013
   9.1142762371114869E-012
   1.9156132638792697E-009
   1.8888405714836558E-012
   2.0610079533537373E-011
   2.7027014734363160E-015
   5.0246838732537710E-012
   8.1129931329860077E-015
   1.3533030618571103E-009
   3.9725132716064868E-011
   3.0247475497098799E-011
   2.3339828028978156E-013
   3.5057743884865492E-014
   3.4458381236032517E-012
   2.7427129375434276E-016
   1.6327352884389189E-014
   1.0988524457471797E-009
   1.0562764827644782E-013
   2.5372100378966257E-012
   8.1374064849810574E-011
   2.4502921366729009E-013
   9.5043771624763067E-007
   7.8730778860192467E-013
   7.3251309548608987E-012
   8.9582975948970557E-013
   2.9789487259073523E-013
   1.3253978685826940E-012
   3.1852620459991754E-013
   1.5707144693258276E-012
   8.6119417618915756E-014
   5.0751027812494590E-012
   1.2665344949558852E-014
   2.0824889835900596E-014
   4.9549356968885939E-016
   4.5246294600681129E-014
   3.7753239358256858E-014
   1.1788161713537782E-012
   1.6469779622946452E-014
   1.7392038466264589E-014
   8.1703206604694336E-011
   3.0602909089752727E-013
   5.8606088891611632E-011
   2.2398427632220574E-015
   1.6462746584304099E-014
   4.6496824290147987E-016
   2.9861372192427753E-012
   2.9111990059231518E-008
   1.7415228404813240E-012
   1.5222634571703244E-015
   8.6829094811671066E-013
   8.7702960252467108E-016
   4.8968058093285750E-014
   1.4394406122637641E-013
   7.0540934656401423E-012
   8.0069848320257422E-013
   9.3356797533376479E-015
   2.7580865830831426E-015
   1.6119648572716566E-010
   2.0313710226432124E-012
   5.3411979553846839E-016
   1.1432050541420851E-010
   7.5040291293058323E-015
   5.8184072435015955E-014
   1.1763240070245014E-014
   1.5122577810720111E-014
   5.5215123430554745E-014
   3.5514488081973747E-014
   4.5038072243628582E-015
   9.1076136192615729E-014
   4.1201277531911907E-013
   1.2956912906001669E-014
   2.5855004292484004E-015
   3.0125414886446702E-012
   1.1853847024716636E-012
   5.1450802173598532E-011
   1.4113010212789083E-013
   8.2831506753023439E-015
   3.7022832088817683E-012
   2.1701183876497416E-013
   4.3536487383192687E-010
   4.4948335705658570E-013
   5.8099212553584696E-015
   6.1764276201676409E-010
   2.3128562746834713E-015
   6.0850304729788858E-012
   1.0192060190181973E-009
   6.4073701861486941E-015
   6.9533139677239968E-012
   4.8910097214433187E-015
   3.6262172829391962E-012
   2.3080897974514109E-013
   4.6253221667388600E-014
   6.7679367984014405E-013
   5.0178416539983393E-016
   2.0953822803854005E-015
   2.3263127725245368E-015
   1.0991322489537872E-014
   1.3759135556165561E-014
   1.2489864278611702E-014
   1.8055264017181256E-010
   5.4272428034809277E-012
   8.7801237297530310E-015
   2.9393332293795848E-015
   7.8493316829874133E-008
   9.9127679771925372E-014
   3.7786714047926608E-014
   2.4877810296231558E-014
   2.4173269297518986E-012
   8.7237249703982719E-011
   5.8344335767647095E-013
   1.2595299089938872E-008
   1.5245637223030333E-008
   2.8353778671590314E-015
   1.7442108369318158E-011
   2.6571558610345942E-011
   3.5429680712037807E-014
   1.0533152235463304E-011
   8.2501350302135335E-011
   5.4034277076216761E-012
   5.5834699763412284E-010
   2.1866300973055088E-012
   4.1631822517767292E-012
   4.2661531339065317E-012
   1.5582710516637126E-013
   1.9328619955719960E-009
   9.9096177357173324E-014
   1.6194079566050846E-010
   1.9908767690232437E-011
   1.6139796042094354E-012
   1.1416083674063494E-011
   4.3892205203691559E-009
   1.9647057342960863E-009
   4.6200443063369352E-012
   2.6579050709322727E-010
   7.6589750692688686E-013
   1.6902903702572158E-015
   5.0679368554143968E-012
   7.0990177315281244E-014
   2.8113477895215701E-012
   1.9900323718271092E-015
   3.6695376582305214E-012
   2.3028274498921458E-013
   6.9073473755602530E-012
   9.1298114339499958E-015
   8.2885725678712715E-015
   1.5027089625441996E-012
   3.6783770351310715E-014
   3.2324438270024010E-015
   3.8723924921057157E-010
   1.8445244448719491E-010
   1.1276180125015500E-013
   8.0259142964176135E-014
   3.1284008262585347E-012
   5.8604397899918119E-015
   1.8177839174895084E-014
   7.0992109235910159E-010
   1.5840704453006773E-013
   8.2169427537854277E-014
   1.4360331125061244E-010
   3.2043253240198488E-015
   1.0270799779209346E-012
   2.8145599952299907E-013
   2.6937857158149492E-009
   4.5067912149020075E-015
   5.7263373011290912E-011
   2.6689858705984158E-014
   5.8736872224513505E-015
   1.4061055007250728E-014
   1.7676198524496679E-013
   6.3065795626616523E-015
   1.1167905665583515E-014
   2.3560742744908495E-011
   6.4906869981639249E-010
   3.2707523941820302E-009
   1.0421803490578309E-015
   3.5966083618185128E-010
   3.1820432036032115E-015
   2.9816753330236273E-015
   9.5659128385851507E-014
   2.1670198487197276E-014
   3.8505480265001214E-013
   7.4767582590080124E-014
   1.6098777745682449E-011
   1.3042464695292687E-008
   4.9627908691639438E-014
   8.2377020353742438E-014
   4.9957698291909493E-013
   5.8366529971600461E-012
   5.8128209296822473E-014
   1.4078501225963882E-014
   8.6238050037788664E-010
   2.3167148690777858E-013
   2.4749004234077976E-011
   1.4123341132516930E-014
   4.3466780866198052E-011
   2.0074055789464045E-012
   2.8062065186738542E-013
   6.9967169387489047E-014
   1.0251757966443352E-015
   1.3019627826048703E-011
   2.2729911921141547E-013
   2.1812865200621049E-015
   9.0800392619998003E-014
   5.3197100358438285E-015
   2.5339971998192644E-016
   1.8473606138029926E-009
   1.5915441852583762E-013
   1.6415393394861006E-013
   5.5919081118840439E-012
   2.8328908301201235E-014
   7.3496286475135019E-010
   2.8659780207491779E-013
   2.9826747679163466E-010
   5.8461175554103960E-014
   3.1584906184904448E-013
   2.1311173752592454E-014
   5.5607485662060252E-009
   2.6169928121110796E-014
   6.2352428433673011E-015
   1.8164934117123253E-011
   4.0137601947665300E-013
   2.1545032810912700E-012
   1.5175916242303911E-013
   2.5456302465657483E-015
   8.8321654587424674E-011
   9.6704874053996133E-013
   3.6573189302478877E-008
   1.9495344545815128E-015
   3.1422028685302112E-009
   2.3841276286264657E-014
   1.4891274527505792E-014
   1.7943910534198519E-011
   5.5315445649375078E-009
   2.3352990910632591E-009
   4.4469399663970133E-013
   3.3800201344307756E-013
   2.3005682645868107E-012
   7.6784381509953223E-016
   2.6832944923166280E-012
   8.0817404287066273E-009
   1.9819745610407905E-012
   3.9794635847195899E-014
   2.8425391365796866E-013
   1.5597892834776945E-015
   3.3514508144034342E-014
   8.1751690679720878E-012
   1.3094420531183169E-011
   1.9526297523899042E-013
   2.4284952748483334E-010
   8.2638100215082487E-014
   1.3986452468475562E-010
   3.3851388362842553E-013
   2.4543756806111655E-015
   1.5746021934699084E-013
